255 255 255 255 255 255 255 255 255 255 255 255 255 255 255 255
255 214 152 152 152 152 152 152 152 152 152 152 152 152 214 255
255 152   0   0   0   0   0   0   0   0   0   0   0   0 152 255
255 152   0   0   0   0   0   0   0   0   0   0   0   0 152 255
255 152   0   0 181 215 215 215 215 215 215 181   0   0 152 255
255 152   0   0 215 225 155  56 121 184 255 215   0   0 152 255
255 152   0   0 215 101 138  55  75  62 182 215   0   0 152 255
255 152   0   0 215  95  60  89 108  96 105 214   0   0 152 255
255 152   0   0 215 219 105  80  80  75  48 215   0   0 152 255
255 152   0   0 215 255 187 122  82  94 255 215   0   0 152 255
255 152   0   0 215 255 255 253 157 255 255 215   0   0 152 255
255 152   0   0 181 215 215 215 215 215 215 181   0   0 152 255
255 152   0   0   0   0   0   0   0   0   0   0   0   0 152 255
255 152   0   0   0   0   0   0   0   0   0   0   0   0 152 255
255 214 152 152 152 152 152 152 152 152 152 152 152 152 214 255
255 255 255 255 255 255 255 255 255 255 255 255 255 255 255 255
255 255 255 255 255 255 255 255 255 255 255 255 255 255 255 255
255 214 152 152 152 152 152 152 152 152 152 152 152 152 214 255
255 152   0   0   0   0   0   0   0   0   0   0   0   0 152 255
255 152   0   0   0   0   0   0   0   0   0   0   0   0 152 255
255 152   0   0 181 215 215 215 215 215 215 181   0   0 152 255
255 152   0   0 215 225 155  56 121 184 255 215   0   0 152 255
255 152   0   0 215 101 138  55  75  62 182 215   0   0 152 255
255 152   0   0 215  95  60  89 108  96 105 214   0   0 152 255
255 152   0   0 215 219 105  80  80  75  48 215   0   0 152 255
255 152   0   0 215 255 187 122  82  94 255 215   0   0 152 255
255 152   0   0 215 255 255 253 157 255 255 215   0   0 152 255
255 152   0   0 181 215 215 215 215 215 215 181   0   0 152 255
255 152   0   0   0   0   0   0   0   0   0   0   0   0 152 255
255 152   0   0   0   0   0   0   0   0   0   0   0   0 152 255
255 214 152 152 152 152 152 152 152 152 152 152 152 152 214 255
255 255 255 255 255 255 255 255 255 255 255 255 255 255 255 255
255 255 255 255 255 255 255 255 255 255 255 255 255 255 255 255
255 214 152 152 152 152 152 152 152 152 152 152 152 152 214 255
255 152   0   0   0   0   0   0   0   0   0   0   0   0 152 255
255 152   0   0   0   0   0   0   0   0   0   0   0   0 152 255
255 152   0   0 181 215 215 215 215 215 215 181   0   0 152 255
255 152   0   0 215 225 155  56 121 184 255 215   0   0 152 255
255 152   0   0 215 101 138  55  75  62 182 215   0   0 152 255
255 152   0   0 215  95  60  89 108  96 105 214   0   0 152 255
255 152   0   0 215 219 105  80  80  75  48 215   0   0 152 255
255 152   0   0 215 255 187 122  82  94 255 215   0   0 152 255
255 152   0   0 215 255 255 253 157 255 255 215   0   0 152 255
255 152   0   0 181 215 215 215 215 215 215 181   0   0 152 255
255 152   0   0   0   0   0   0   0   0   0   0   0   0 152 255
255 152   0   0   0   0   0   0   0   0   0   0   0   0 152 255
255 214 152 152 152 152 152 152 152 152 152 152 152 152 214 255
255 255 255 255 255 255 255 255 255 255 255 255 255 255 255 255

255 255 255 255 255 255 255 255 255 255 255 255 255 255 255 255
255 214 152 152 152 152 152 152 152 152 152 152 152 152 214 255
255 152   0   0   0   0   0   0   0   0   0   0   0   0 152 255
255 152   0   0   0   0   0   0   0   0   0   0   0   0 152 255
255 152   0   0 181 215 215 214 215 215 215 181   0   0 152 255
255 152   0   0 215 255 182 105  48 255 255 215   0   0 152 255
255 152   0   0 215 184  62  96  75  94 255 215   0   0 152 255
255 152   0   0 215 121  75 108  80  82 157 215   0   0 152 255
255 152   0   0 215  56  55  89  80 122 253 215   0   0 152 255
255 152   0   0 215 155 138  60 105 187 255 215   0   0 152 255
255 152   0   0 215 225 101  95 219 255 255 215   0   0 152 255
255 152   0   0 181 215 215 215 215 215 215 181   0   0 152 255
255 152   0   0   0   0   0   0   0   0   0   0   0   0 152 255
255 152   0   0   0   0   0   0   0   0   0   0   0   0 152 255
255 214 152 152 152 152 152 152 152 152 152 152 152 152 214 255
255 255 255 255 255 255 255 255 255 255 255 255 255 255 255 255
255 255 255 255 255 255 255 255 255 255 255 255 255 255 255 255
255 214 152 152 152 152 152 152 152 152 152 152 152 152 214 255
255 152   0   0   0   0   0   0   0   0   0   0   0   0 152 255
255 152   0   0   0   0   0   0   0   0   0   0   0   0 152 255
255 152   0   0 181 215 215 214 215 215 215 181   0   0 152 255
255 152   0   0 215 255 182 105  48 255 255 215   0   0 152 255
255 152   0   0 215 184  62  96  75  94 255 215   0   0 152 255
255 152   0   0 215 121  75 108  80  82 157 215   0   0 152 255
255 152   0   0 215  56  55  89  80 122 253 215   0   0 152 255
255 152   0   0 215 155 138  60 105 187 255 215   0   0 152 255
255 152   0   0 215 225 101  95 219 255 255 215   0   0 152 255
255 152   0   0 181 215 215 215 215 215 215 181   0   0 152 255
255 152   0   0   0   0   0   0   0   0   0   0   0   0 152 255
255 152   0   0   0   0   0   0   0   0   0   0   0   0 152 255
255 214 152 152 152 152 152 152 152 152 152 152 152 152 214 255
255 255 255 255 255 255 255 255 255 255 255 255 255 255 255 255
255 255 255 255 255 255 255 255 255 255 255 255 255 255 255 255
255 214 152 152 152 152 152 152 152 152 152 152 152 152 214 255
255 152   0   0   0   0   0   0   0   0   0   0   0   0 152 255
255 152   0   0   0   0   0   0   0   0   0   0   0   0 152 255
255 152   0   0 181 215 215 214 215 215 215 181   0   0 152 255
255 152   0   0 215 255 182 105  48 255 255 215   0   0 152 255
255 152   0   0 215 184  62  96  75  94 255 215   0   0 152 255
255 152   0   0 215 121  75 108  80  82 157 215   0   0 152 255
255 152   0   0 215  56  55  89  80 122 253 215   0   0 152 255
255 152   0   0 215 155 138  60 105 187 255 215   0   0 152 255
255 152   0   0 215 225 101  95 219 255 255 215   0   0 152 255
255 152   0   0 181 215 215 215 215 215 215 181   0   0 152 255
255 152   0   0   0   0   0   0   0   0   0   0   0   0 152 255
255 152   0   0   0   0   0   0   0   0   0   0   0   0 152 255
255 214 152 152 152 152 152 152 152 152 152 152 152 152 214 255
255 255 255 255 255 255 255 255 255 255 255 255 255 255 255 255

255 255 255 255 255 255 255 255 255 255 255 255 255 255 255 255
255 214 152 152 152 152 152 152 152 152 152 152 152 152 214 255
255 152   0   0   0   0   0   0   0   0   0   0   0   0 152 255
255 152   0   0   0   0   0   0   0   0   0   0   0   0 152 255
255 152   0   0 181 215 215 215 215 215 215 181   0   0 152 255
255 152   0   0 215 255 255 157 253 255 255 215   0   0 152 255
255 152   0   0 215 255  94  82 122 187 255 215   0   0 152 255
255 152   0   0 215  48  75  80  80 105 219 215   0   0 152 255
255 152   0   0 214 105  96 108  89  60  95 215   0   0 152 255
255 152   0   0 215 182  62  75  55 138 101 215   0   0 152 255
255 152   0   0 215 255 184 121  56 155 225 215   0   0 152 255
255 152   0   0 181 215 215 215 215 215 215 181   0   0 152 255
255 152   0   0   0   0   0   0   0   0   0   0   0   0 152 255
255 152   0   0   0   0   0   0   0   0   0   0   0   0 152 255
255 214 152 152 152 152 152 152 152 152 152 152 152 152 214 255
255 255 255 255 255 255 255 255 255 255 255 255 255 255 255 255
255 255 255 255 255 255 255 255 255 255 255 255 255 255 255 255
255 214 152 152 152 152 152 152 152 152 152 152 152 152 214 255
255 152   0   0   0   0   0   0   0   0   0   0   0   0 152 255
255 152   0   0   0   0   0   0   0   0   0   0   0   0 152 255
255 152   0   0 181 215 215 215 215 215 215 181   0   0 152 255
255 152   0   0 215 255 255 157 253 255 255 215   0   0 152 255
255 152   0   0 215 255  94  82 122 187 255 215   0   0 152 255
255 152   0   0 215  48  75  80  80 105 219 215   0   0 152 255
255 152   0   0 214 105  96 108  89  60  95 215   0   0 152 255
255 152   0   0 215 182  62  75  55 138 101 215   0   0 152 255
255 152   0   0 215 255 184 121  56 155 225 215   0   0 152 255
255 152   0   0 181 215 215 215 215 215 215 181   0   0 152 255
255 152   0   0   0   0   0   0   0   0   0   0   0   0 152 255
255 152   0   0   0   0   0   0   0   0   0   0   0   0 152 255
255 214 152 152 152 152 152 152 152 152 152 152 152 152 214 255
255 255 255 255 255 255 255 255 255 255 255 255 255 255 255 255
255 255 255 255 255 255 255 255 255 255 255 255 255 255 255 255
255 214 152 152 152 152 152 152 152 152 152 152 152 152 214 255
255 152   0   0   0   0   0   0   0   0   0   0   0   0 152 255
255 152   0   0   0   0   0   0   0   0   0   0   0   0 152 255
255 152   0   0 181 215 215 215 215 215 215 181   0   0 152 255
255 152   0   0 215 255 255 157 253 255 255 215   0   0 152 255
255 152   0   0 215 255  94  82 122 187 255 215   0   0 152 255
255 152   0   0 215  48  75  80  80 105 219 215   0   0 152 255
255 152   0   0 214 105  96 108  89  60  95 215   0   0 152 255
255 152   0   0 215 182  62  75  55 138 101 215   0   0 152 255
255 152   0   0 215 255 184 121  56 155 225 215   0   0 152 255
255 152   0   0 181 215 215 215 215 215 215 181   0   0 152 255
255 152   0   0   0   0   0   0   0   0   0   0   0   0 152 255
255 152   0   0   0   0   0   0   0   0   0   0   0   0 152 255
255 214 152 152 152 152 152 152 152 152 152 152 152 152 214 255
255 255 255 255 255 255 255 255 255 255 255 255 255 255 255 255

255 255 255 255 255 255 255 255 255 255 255 255 255 255 255 255
255 214 152 152 152 152 152 152 152 152 152 152 152 152 214 255
255 152   0   0   0   0   0   0   0   0   0   0   0   0 152 255
255 152   0   0   0   0   0   0   0   0   0   0   0   0 152 255
255 152   0   0 181 215 215 215 215 215 215 181   0   0 152 255
255 152   0   0 215 255 255 219  95 101 225 215   0   0 152 255
255 152   0   0 215 255 187 105  60 138 155 215   0   0 152 255
255 152   0   0 215 253 122  80  89  55  56 215   0   0 152 255
255 152   0   0 215 157  82  80 108  75 121 215   0   0 152 255
255 152   0   0 215 255  94  75  96  62 184 215   0   0 152 255
255 152   0   0 215 255 255  48 105 182 255 215   0   0 152 255
255 152   0   0 181 215 215 215 214 215 215 181   0   0 152 255
255 152   0   0   0   0   0   0   0   0   0   0   0   0 152 255
255 152   0   0   0   0   0   0   0   0   0   0   0   0 152 255
255 214 152 152 152 152 152 152 152 152 152 152 152 152 214 255
255 255 255 255 255 255 255 255 255 255 255 255 255 255 255 255
255 255 255 255 255 255 255 255 255 255 255 255 255 255 255 255
255 214 152 152 152 152 152 152 152 152 152 152 152 152 214 255
255 152   0   0   0   0   0   0   0   0   0   0   0   0 152 255
255 152   0   0   0   0   0   0   0   0   0   0   0   0 152 255
255 152   0   0 181 215 215 215 215 215 215 181   0   0 152 255
255 152   0   0 215 255 255 219  95 101 225 215   0   0 152 255
255 152   0   0 215 255 187 105  60 138 155 215   0   0 152 255
255 152   0   0 215 253 122  80  89  55  56 215   0   0 152 255
255 152   0   0 215 157  82  80 108  75 121 215   0   0 152 255
255 152   0   0 215 255  94  75  96  62 184 215   0   0 152 255
255 152   0   0 215 255 255  48 105 182 255 215   0   0 152 255
255 152   0   0 181 215 215 215 214 215 215 181   0   0 152 255
255 152   0   0   0   0   0   0   0   0   0   0   0   0 152 255
255 152   0   0   0   0   0   0   0   0   0   0   0   0 152 255
255 214 152 152 152 152 152 152 152 152 152 152 152 152 214 255
255 255 255 255 255 255 255 255 255 255 255 255 255 255 255 255
255 255 255 255 255 255 255 255 255 255 255 255 255 255 255 255
255 214 152 152 152 152 152 152 152 152 152 152 152 152 214 255
255 152   0   0   0   0   0   0   0   0   0   0   0   0 152 255
255 152   0   0   0   0   0   0   0   0   0   0   0   0 152 255
255 152   0   0 181 215 215 215 215 215 215 181   0   0 152 255
255 152   0   0 215 255 255 219  95 101 225 215   0   0 152 255
255 152   0   0 215 255 187 105  60 138 155 215   0   0 152 255
255 152   0   0 215 253 122  80  89  55  56 215   0   0 152 255
255 152   0   0 215 157  82  80 108  75 121 215   0   0 152 255
255 152   0   0 215 255  94  75  96  62 184 215   0   0 152 255
255 152   0   0 215 255 255  48 105 182 255 215   0   0 152 255
255 152   0   0 181 215 215 215 214 215 215 181   0   0 152 255
255 152   0   0   0   0   0   0   0   0   0   0   0   0 152 255
255 152   0   0   0   0   0   0   0   0   0   0   0   0 152 255
255 214 152 152 152 152 152 152 152 152 152 152 152 152 214 255
255 255 255 255 255 255 255 255 255 255 255 255 255 255 255 255
